TF-IDF MATRIX
=============

FEATURE WORDS:
['allows', 'and', 'are', 'artificial', 'chatbots', 'closely', 'computers', 'engines', 'human', 'in', 'intelligence', 'is', 'language', 'learning', 'machine', 'natural', 'nlp', 'of', 'part', 'processing', 'related', 'search', 'technology', 'to', 'transforming', 'understand', 'used']

MATRIX:
[0.         0.         0.         0.31888178 0.         0.
 0.         0.         0.         0.         0.31888178 0.26470068
 0.31888178 0.         0.         0.39524574 0.         0.39524574
 0.39524574 0.39524574 0.         0.         0.         0.
 0.         0.         0.        ]
[0.40490709 0.         0.         0.         0.         0.
 0.40490709 0.         0.40490709 0.         0.         0.
 0.32667649 0.         0.         0.         0.271171   0.
 0.         0.         0.         0.         0.         0.40490709
 0.         0.40490709 0.        ]
[0.         0.32667649 0.40490709 0.         0.         0.40490709
 0.         0.         0.         0.         0.         0.
 0.         0.40490709 0.40490709 0.         0.271171   0.
 0.         0.         0.40490709 0.         0.         0.
 0.         0.         0.        ]
[0.         0.         0.         0.41660727 0.         0.
 0.         0.         0.         0.         0.41660727 0.34582166
 0.         0.         0.         0.         0.         0.
 0.         0.         0.         0.         0.51637397 0.
 0.51637397 0.         0.        ]
[0.         0.31528989 0.         0.         0.39079369 0.
 0.         0.39079369 0.         0.39079369 0.         0.26171909
 0.         0.         0.         0.         0.26171909 0.
 0.         0.         0.         0.39079369 0.         0.
 0.         0.         0.39079369]
